                                    0.87                                      28
                                0.871984                                      35
                                0.873968                                      31
                                0.875952                                      28
                                0.877936                                      22
                                 0.87992                                      30
                                0.881904                                      32
                                0.883888                                      35
                                0.885872                                      36
                                0.887856                                      30
                                 0.88984                                      28
                                0.891824                                      28
                                0.893808                                      31
                                0.895792                                      41
                                0.897776                                      29
                                 0.89976                                      34
                                0.901743                                      29
                                0.903727                                      27
                                0.905711                                      23
                                0.907695                                      30
                                0.909679                                      31
                                0.911663                                      26
                                0.913647                                      26
                                0.915631                                      26
                                0.917615                                      37
                                0.919599                                      24
                                0.921583                                      23
                                0.923567                                      26
                                0.925551                                      33
                                0.927535                                      23
                                0.929519                                      18
                                0.931503                                      17
                                0.933487                                      28
                                0.935471                                      26
                                0.937455                                      25
                                0.939439                                      28
                                0.941423                                      30
                                0.943407                                      34
                                0.945391                                      29
                                0.947375                                      30
                                0.949359                                      26
                                0.951343                                      28
                                0.953327                                      26
                                0.955311                                      22
                                0.957295                                      29
                                0.959279                                      30
                                0.961263                                      27
                                0.963246                                      42
                                 0.96523                                      30
                                0.967214                                      20
                                0.969198                                      25
                                0.971182                                      24
                                0.973166                                      23
                                 0.97515                                      26
                                0.977134                                      32
                                0.979118                                      28
                                0.981102                                      26
                                0.983086                                      30
                                 0.98507                                      31
                                0.987054                                      25
                                0.989038                                      26
                                0.991022                                      31
                                0.993006                                      23
                                 0.99499                                      30
                                0.996974                                      28
                                0.998958                                      32
                                 1.00094                                      35
                                 1.00293                                      22
                                 1.00491                                      29
                                 1.00689                                      25
                                 1.00888                                      35
                                 1.01086                                      31
                                 1.01285                                      31
                                 1.01483                                      33
                                 1.01681                                      28
                                  1.0188                                      27
                                 1.02078                                      23
                                 1.02277                                      30
                                 1.02475                                      28
                                 1.02673                                      30
                                 1.02872                                      31
                                  1.0307                                      27
                                 1.03269                                      37
                                 1.03467                                      20
                                 1.03665                                      28
                                 1.03864                                      29
                                 1.04062                                      29
                                 1.04261                                      28
                                 1.04459                                      31
                                 1.04657                                      27
                                 1.04856                                      28
                                 1.05054                                      26
                                 1.05253                                      25
                                 1.05451                                      28
                                 1.05649                                      32
                                 1.05848                                      25
                                 1.06046                                      37
                                 1.06244                                      33
                                 1.06443                                      28
                                 1.06641                                      34
                                  1.0684                                      29
                                 1.07038                                      20
                                 1.07236                                      29
                                 1.07435                                      25
                                 1.07633                                      39
                                 1.07832                                      31
                                  1.0803                                      25
                                 1.08228                                      28
                                 1.08427                                      31
                                 1.08625                                      21
                                 1.08824                                      23
                                 1.09022                                      22
                                  1.0922                                      20
                                 1.09419                                      23
                                 1.09617                                      38
                                 1.09816                                      26
                                 1.10014                                      28
                                 1.10212                                      27
                                 1.10411                                      35
                                 1.10609                                      26
                                 1.10808                                      33
                                 1.11006                                      29
                                 1.11204                                      34
                                 1.11403                                      28
                                 1.11601                                      27
                                   1.118                                      26
                                 1.11998                                      33
                                 1.12196                                      28
                                 1.12395                                      22
                                 1.12593                                      32
                                 1.12792                                      33
                                  1.1299                                      30
                                 1.13188                                      35
                                 1.13387                                      20
                                 1.13585                                      26
                                 1.13784                                      32
                                 1.13982                                      28
                                  1.1418                                      24
                                 1.14379                                      41
                                 1.14577                                      31
                                 1.14776                                      28
                                 1.14974                                      37
                                 1.15172                                      26
                                 1.15371                                      28
                                 1.15569                                      29
                                 1.15768                                      30
                                 1.15966                                      37
                                 1.16164                                      24
                                 1.16363                                      26
                                 1.16561                                      27
                                  1.1676                                      28
                                 1.16958                                      28
                                 1.17156                                      19
                                 1.17355                                      16
                                 1.17553                                      18
                                 1.17752                                      22
                                  1.1795                                      24
                                 1.18148                                      25
                                 1.18347                                      30
                                 1.18545                                      22
                                 1.18743                                      27
                                 1.18942                                      32
                                  1.1914                                      24
                                 1.19339                                      32
                                 1.19537                                      32
                                 1.19735                                      28
                                 1.19934                                      24
                                 1.20132                                      19
                                 1.20331                                      25
                                 1.20529                                      29
                                 1.20727                                      19
                                 1.20926                                      25
                                 1.21124                                      30
                                 1.21323                                      26
                                 1.21521                                      29
                                 1.21719                                      25
                                 1.21918                                      32
                                 1.22116                                      27
                                 1.22315                                      23
                                 1.22513                                      23
                                 1.22711                                      31
                                  1.2291                                      23
                                 1.23108                                      32
                                 1.23307                                      18
                                 1.23505                                      28
                                 1.23703                                      21
                                 1.23902                                      37
                                   1.241                                      24
                                 1.24299                                      28
                                 1.24497                                      34
                                 1.24695                                      22
                                 1.24894                                      32
                                 1.25092                                      25
                                 1.25291                                      34
                                 1.25489                                      30
                                 1.25687                                      17
                                 1.25886                                      28
                                 1.26084                                      24
                                 1.26283                                      34
                                 1.26481                                      28
                                 1.26679                                      31
                                 1.26878                                      28
                                 1.27076                                      34
                                 1.27275                                      33
                                 1.27473                                      40
                                 1.27671                                      38
                                  1.2787                                      34
                                 1.28068                                      20
                                 1.28267                                      28
                                 1.28465                                      19
                                 1.28663                                      30
                                 1.28862                                      28
                                  1.2906                                      26
                                 1.29259                                      33
                                 1.29457                                      25
                                 1.29655                                      28
                                 1.29854                                      33
                                 1.30052                                      30
                                 1.30251                                      28
                                 1.30449                                      24
                                 1.30647                                      20
                                 1.30846                                      30
                                 1.31044                                      26
                                 1.31242                                      28
                                 1.31441                                      25
                                 1.31639                                      30
                                 1.31838                                      38
                                 1.32036                                      26
                                 1.32234                                      25
                                 1.32433                                      31
                                 1.32631                                      36
                                  1.3283                                      31
                                 1.33028                                      22
                                 1.33226                                      27
                                 1.33425                                      28
                                 1.33623                                      28
                                 1.33822                                      30
                                  1.3402                                      28
                                 1.34218                                      23
                                 1.34417                                      24
                                 1.34615                                      27
                                 1.34814                                      15
                                 1.35012                                       8
                                  1.3521                                       3
                                 1.35409                                       0
                                 1.35607                                       1
                                 1.35806                                       1
                                 1.36004                                       0
                                 1.36202                                       0
                                 1.36401                                       0
                                 1.36599                                       0
                                 1.36798                                       0
                                 1.36996                                       0
                                 1.37194                                       0
                                 1.37393                                       0
                                 1.37591                                       0
                                  1.3779                                       0
                                 1.37988                                       0
                                 1.38186                                       0
                                 1.38385                                       0
                                 1.38583                                       0
                                 1.38782                                       0
                                  1.3898                                       0
                                 1.39178                                       0
                                 1.39377                                       0
                                 1.39575                                       0
                                 1.39774                                       0
                                 1.39972                                       0
                                  1.4017                                       0
                                 1.40369                                       0
                                 1.40567                                       0
                                 1.40766                                       0
                                 1.40964                                       0
                                 1.41162                                       0
                                 1.41361                                       0
                                 1.41559                                       0
                                 1.41758                                       2
                                 1.41956                                       0
                                 1.42154                                       2
                                 1.42353                                       3
                                 1.42551                                       6
                                 1.42749                                       9
                                 1.42948                                      13
                                 1.43146                                       8
                                 1.43345                                      10
                                 1.43543                                      12
                                 1.43741                                       9
                                  1.4394                                      13
                                 1.44138                                      15
                                 1.44337                                      16
                                 1.44535                                      22
                                 1.44733                                      10
                                 1.44932                                      20
                                  1.4513                                      21
                                 1.45329                                      22
                                 1.45527                                      18
                                 1.45725                                      21
                                 1.45924                                      24
                                 1.46122                                      18
                                 1.46321                                      17
                                 1.46519                                      18
                                 1.46717                                      14
                                 1.46916                                      20
                                 1.47114                                      14
                                 1.47313                                      18
                                 1.47511                                      17
                                 1.47709                                      17
                                 1.47908                                      19
                                 1.48106                                      18
                                 1.48305                                      16
                                 1.48503                                      23
                                 1.48701                                      16
                                   1.489                                      15
                                 1.49098                                      19
                                 1.49297                                      19
                                 1.49495                                      26
                                 1.49693                                      19
                                 1.49892                                      20
                                  1.5009                                      21
                                 1.50289                                      26
                                 1.50487                                      20
                                 1.50685                                      19
                                 1.50884                                      20
                                 1.51082                                      23
                                 1.51281                                      14
                                 1.51479                                      22
                                 1.51677                                      24
                                 1.51876                                      18
                                 1.52074                                      21
                                 1.52273                                      22
                                 1.52471                                      24
                                 1.52669                                      18
                                 1.52868                                      14
                                 1.53066                                      26
                                 1.53265                                      22
                                 1.53463                                      32
                                 1.53661                                      18
                                  1.5386                                      27
                                 1.54058                                      22
                                 1.54257                                      19
                                 1.54455                                      27
                                 1.54653                                      30
                                 1.54852                                      23
                                  1.5505                                      30
                                 1.55248                                      26
                                 1.55447                                      20
                                 1.55645                                      22
                                 1.55844                                      20
                                 1.56042                                      24
                                  1.5624                                      21
                                 1.56439                                      33
                                 1.56637                                      16
                                 1.56836                                      22
                                 1.57034                                      18
                                 1.57232                                      23
                                 1.57431                                      17
                                 1.57629                                      16
                                 1.57828                                      28
                                 1.58026                                      21
                                 1.58224                                      26
                                 1.58423                                      24
                                 1.58621                                      23
                                  1.5882                                      32
                                 1.59018                                      17
                                 1.59216                                      27
                                 1.59415                                      22
                                 1.59613                                      22
                                 1.59812                                      20
                                  1.6001                                      22
                                 1.60208                                      24
                                 1.60407                                      26
                                 1.60605                                      28
                                 1.60804                                      23
                                 1.61002                                      23
                                   1.612                                      19
                                 1.61399                                      29
                                 1.61597                                      21
                                 1.61796                                      21
                                 1.61994                                      24
                                 1.62192                                      25
                                 1.62391                                      23
                                 1.62589                                      30
                                 1.62788                                      21
                                 1.62986                                      23
                                 1.63184                                      23
                                 1.63383                                      25
                                 1.63581                                      18
                                  1.6378                                      20
                                 1.63978                                      33
                                 1.64176                                      25
                                 1.64375                                      19
                                 1.64573                                      21
                                 1.64772                                      27
                                  1.6497                                      24
                                 1.65168                                      32
                                 1.65367                                      32
                                 1.65565                                      24
                                 1.65764                                      14
                                 1.65962                                      24
                                  1.6616                                      32
                                 1.66359                                      15
                                 1.66557                                      25
                                 1.66756                                      24
                                 1.66954                                      26
                                 1.67152                                      28
                                 1.67351                                      34
                                 1.67549                                      17
                                 1.67747                                      30
                                 1.67946                                      28
                                 1.68144                                      17
                                 1.68343                                      25
                                 1.68541                                      15
                                 1.68739                                      20
                                 1.68938                                      25
                                 1.69136                                      22
                                 1.69335                                      34
                                 1.69533                                      26
                                 1.69731                                      22
                                  1.6993                                      24
                                 1.70128                                      27
                                 1.70327                                      25
                                 1.70525                                      19
                                 1.70723                                      23
                                 1.70922                                      17
                                  1.7112                                      23
                                 1.71319                                      31
                                 1.71517                                      18
                                 1.71715                                      30
                                 1.71914                                      27
                                 1.72112                                      24
                                 1.72311                                      22
                                 1.72509                                      25
                                 1.72707                                      22
                                 1.72906                                      24
                                 1.73104                                      23
                                 1.73303                                      24
                                 1.73501                                      29
                                 1.73699                                      29
                                 1.73898                                      28
                                 1.74096                                      20
                                 1.74295                                      19
                                 1.74493                                      40
                                 1.74691                                      24
                                  1.7489                                      20
                                 1.75088                                      24
                                 1.75287                                      30
                                 1.75485                                      28
                                 1.75683                                      24
                                 1.75882                                      27
                                  1.7608                                      18
                                 1.76279                                      27
                                 1.76477                                      27
                                 1.76675                                      27
                                 1.76874                                      29
                                 1.77072                                      15
                                 1.77271                                      16
                                 1.77469                                      28
                                 1.77667                                      35
                                 1.77866                                      32
                                 1.78064                                      30
                                 1.78263                                      14
                                 1.78461                                      28
                                 1.78659                                      33
                                 1.78858                                      26
                                 1.79056                                      27
                                 1.79255                                      21
                                 1.79453                                      19
                                 1.79651                                      26
                                  1.7985                                      27
                                 1.80048                                      23
                                 1.80246                                      25
                                 1.80445                                      18
                                 1.80643                                      25
                                 1.80842                                      24
                                  1.8104                                      25
                                 1.81238                                      25
                                 1.81437                                      21
                                 1.81635                                      30
                                 1.81834                                      26
                                 1.82032                                      23
                                  1.8223                                      40
                                 1.82429                                      17
                                 1.82627                                      21
                                 1.82826                                      19
                                 1.83024                                      28
                                 1.83222                                      22
                                 1.83421                                      23
                                 1.83619                                      27
                                 1.83818                                      30
                                 1.84016                                      27
                                 1.84214                                      32
                                 1.84413                                      28
                                 1.84611                                      25
                                  1.8481                                      22
                                 1.85008                                      28
                                 1.85206                                      20
                                 1.85405                                      24
                                 1.85603                                      21
                                 1.85802                                      23
                                    1.86                                      29
