                                     0.2                                      34
                                0.211558                                      24
                                0.223116                                      25
                                0.234673                                      32
                                0.246231                                      25
                                0.257789                                      25
                                0.269347                                      30
                                0.280905                                      25
                                0.292462                                      30
                                 0.30402                                      15
                                0.315578                                      35
                                0.327136                                      25
                                0.338693                                      28
                                0.350251                                      31
                                0.361809                                      28
                                0.373367                                      43
                                0.384925                                      19
                                0.396482                                      27
                                 0.40804                                      30
                                0.419598                                      27
                                0.431156                                      29
                                0.442714                                      25
                                0.454271                                      32
                                0.465829                                      30
                                0.477387                                      36
                                0.488945                                      30
                                0.500503                                      25
                                 0.51206                                      28
                                0.523618                                      30
                                0.535176                                      37
                                0.546734                                      21
                                0.558291                                      30
                                0.569849                                      28
                                0.581407                                      22
                                0.592965                                      26
                                0.604523                                      30
                                 0.61608                                      24
                                0.627638                                      27
                                0.639196                                      17
                                0.650754                                      31
                                0.662312                                      29
                                0.673869                                      27
                                0.685427                                      22
                                0.696985                                      29
                                0.708543                                      27
                                0.720101                                      25
                                0.731658                                      33
                                0.743216                                      30
                                0.754774                                      33
                                0.766332                                      26
                                0.777889                                      35
                                0.789447                                      28
                                0.801005                                      31
                                0.812563                                      30
                                0.824121                                      28
                                0.835678                                      21
                                0.847236                                      26
                                0.858794                                      26
                                0.870352                                      26
                                 0.88191                                      30
                                0.893467                                      26
                                0.905025                                      23
                                0.916583                                      28
                                0.928141                                      28
                                0.939698                                      29
                                0.951256                                      26
                                0.962814                                      20
                                0.974372                                      31
                                 0.98593                                      32
                                0.997487                                      34
                                 1.00905                                      30
                                  1.0206                                      35
                                 1.03216                                      24
                                 1.04372                                      20
                                 1.05528                                      27
                                 1.06683                                      26
                                 1.07839                                      27
                                 1.08995                                      32
                                 1.10151                                      34
                                 1.11307                                      22
                                 1.12462                                      28
                                 1.13618                                      38
                                 1.14774                                      34
                                  1.1593                                      38
                                 1.17085                                      22
                                 1.18241                                      30
                                 1.19397                                      29
                                 1.20553                                      27
                                 1.21709                                      23
                                 1.22864                                      24
                                  1.2402                                      28
                                 1.25176                                      31
                                 1.26332                                      26
                                 1.27487                                      31
                                 1.28643                                      21
                                 1.29799                                      26
                                 1.30955                                      31
                                 1.32111                                      33
                                 1.33266                                      30
                                 1.34422                                      29
                                 1.35578                                       1
                                 1.36734                                       0
                                 1.37889                                       0
                                 1.39045                                       0
                                 1.40201                                       0
                                 1.41357                                       2
                                 1.42513                                       7
                                 1.43668                                      13
                                 1.44824                                      14
                                  1.4598                                      19
                                 1.47136                                      14
                                 1.48291                                      21
                                 1.49447                                      15
                                 1.50603                                      21
                                 1.51759                                      17
                                 1.52915                                      20
                                  1.5407                                      31
                                 1.55226                                      31
                                 1.56382                                      24
                                 1.57538                                      30
                                 1.58693                                      24
                                 1.59849                                      25
                                 1.61005                                      33
                                 1.62161                                      28
                                 1.63317                                      30
                                 1.64472                                      25
                                 1.65628                                      18
                                 1.66784                                      29
                                  1.6794                                      24
                                 1.69095                                      27
                                 1.70251                                      21
                                 1.71407                                      24
                                 1.72563                                      30
                                 1.73719                                      26
                                 1.74874                                      25
                                  1.7603                                      21
                                 1.77186                                      24
                                 1.78342                                      29
                                 1.79497                                      24
                                 1.80653                                      23
                                 1.81809                                      25
                                 1.82965                                      25
                                 1.84121                                      25
                                 1.85276                                      27
                                 1.86432                                      20
                                 1.87588                                      25
                                 1.88744                                      29
                                 1.89899                                      29
                                 1.91055                                      22
                                 1.92211                                      29
                                 1.93367                                      21
                                 1.94523                                      31
                                 1.95678                                      25
                                 1.96834                                      25
                                  1.9799                                      23
                                 1.99146                                      22
                                 2.00302                                      26
                                 2.01457                                      27
                                 2.02613                                      18
                                 2.03769                                      25
                                 2.04925                                      25
                                  2.0608                                      22
                                 2.07236                                      15
                                 2.08392                                      25
                                 2.09548                                      18
                                 2.10704                                      25
                                 2.11859                                      12
                                 2.13015                                      27
                                 2.14171                                      18
                                 2.15327                                      15
                                 2.16482                                      14
                                 2.17638                                       4
                                 2.18794                                       0
                                  2.1995                                       0
                                 2.21106                                      27
                                 2.22261                                      28
                                 2.23417                                      27
                                 2.24573                                      31
                                 2.25729                                      29
                                 2.26884                                      27
                                  2.2804                                      29
                                 2.29196                                      28
                                 2.30352                                      28
                                 2.31508                                      24
                                 2.32663                                      26
                                 2.33819                                      27
                                 2.34975                                      32
                                 2.36131                                      30
                                 2.37286                                      29
                                 2.38442                                      30
                                 2.39598                                      26
                                 2.40754                                      29
                                  2.4191                                      39
                                 2.43065                                      28
                                 2.44221                                      28
                                 2.45377                                      24
                                 2.46533                                      24
                                 2.47688                                      29
                                 2.48844                                      27
                                     2.5                                      24
