                                     0.2                                      23
                                0.211558                                      26
                                0.223116                                      26
                                0.234673                                      26
                                0.246231                                      29
                                0.257789                                      26
                                0.269347                                      21
                                0.280905                                      36
                                0.292462                                      23
                                 0.30402                                      35
                                0.315578                                      25
                                0.327136                                      23
                                0.338693                                      26
                                0.350251                                      30
                                0.361809                                      41
                                0.373367                                      22
                                0.384925                                      24
                                0.396482                                      26
                                 0.40804                                      18
                                0.419598                                      24
                                0.431156                                      27
                                0.442714                                      26
                                0.454271                                      15
                                0.465829                                      28
                                0.477387                                      22
                                0.488945                                      27
                                0.500503                                      23
                                 0.51206                                      35
                                0.523618                                      23
                                0.535176                                      29
                                0.546734                                      24
                                0.558291                                      23
                                0.569849                                      26
                                0.581407                                      23
                                0.592965                                      20
                                0.604523                                      24
                                 0.61608                                      29
                                0.627638                                      23
                                0.639196                                      24
                                0.650754                                      13
                                0.662312                                      13
                                0.673869                                       0
                                0.685427                                       0
                                0.696985                                      25
                                0.708543                                      26
                                0.720101                                      21
                                0.731658                                      31
                                0.743216                                      30
                                0.754774                                      32
                                0.766332                                      23
                                0.777889                                      28
                                0.789447                                      31
                                0.801005                                      32
                                0.812563                                      27
                                0.824121                                      30
                                0.835678                                      18
                                0.847236                                      21
                                0.858794                                      21
                                0.870352                                      33
                                 0.88191                                      24
                                0.893467                                      32
                                0.905025                                      25
                                0.916583                                      22
                                0.928141                                      20
                                0.939698                                      26
                                0.951256                                      33
                                0.962814                                      41
                                0.974372                                      31
                                 0.98593                                      20
                                0.997487                                      35
                                 1.00905                                      36
                                  1.0206                                      27
                                 1.03216                                      26
                                 1.04372                                      26
                                 1.05528                                      28
                                 1.06683                                      27
                                 1.07839                                      26
                                 1.08995                                      27
                                 1.10151                                      36
                                 1.11307                                      40
                                 1.12462                                      32
                                 1.13618                                      23
                                 1.14774                                      29
                                  1.1593                                      34
                                 1.17085                                      37
                                 1.18241                                      33
                                 1.19397                                      23
                                 1.20553                                      33
                                 1.21709                                      24
                                 1.22864                                      21
                                  1.2402                                      17
                                 1.25176                                       0
                                 1.26332                                       0
                                 1.27487                                       0
                                 1.28643                                       0
                                 1.29799                                       0
                                 1.30955                                       0
                                 1.32111                                       0
                                 1.33266                                       0
                                 1.34422                                       0
                                 1.35578                                       0
                                 1.36734                                       0
                                 1.37889                                       0
                                 1.39045                                       0
                                 1.40201                                       0
                                 1.41357                                       0
                                 1.42513                                       0
                                 1.43668                                       0
                                 1.44824                                       0
                                  1.4598                                       0
                                 1.47136                                       0
                                 1.48291                                       0
                                 1.49447                                       0
                                 1.50603                                       0
                                 1.51759                                       0
                                 1.52915                                       2
                                  1.5407                                       3
                                 1.55226                                       5
                                 1.56382                                       7
                                 1.57538                                       9
                                 1.58693                                       4
                                 1.59849                                      10
                                 1.61005                                      10
                                 1.62161                                      13
                                 1.63317                                      12
                                 1.64472                                      14
                                 1.65628                                      16
                                 1.66784                                      13
                                  1.6794                                      13
                                 1.69095                                      15
                                 1.70251                                      18
                                 1.71407                                      15
                                 1.72563                                      12
                                 1.73719                                      19
                                 1.74874                                      18
                                  1.7603                                      20
                                 1.77186                                      16
                                 1.78342                                      16
                                 1.79497                                      16
                                 1.80653                                      16
                                 1.81809                                      16
                                 1.82965                                      21
                                 1.84121                                      20
                                 1.85276                                      11
                                 1.86432                                      17
                                 1.87588                                      16
                                 1.88744                                      19
                                 1.89899                                      16
                                 1.91055                                      18
                                 1.92211                                      14
                                 1.93367                                      15
                                 1.94523                                      19
                                 1.95678                                      12
                                 1.96834                                      11
                                  1.9799                                      13
                                 1.99146                                      13
                                 2.00302                                       8
                                 2.01457                                       9
                                 2.02613                                      10
                                 2.03769                                      11
                                 2.04925                                      11
                                  2.0608                                      10
                                 2.07236                                      11
                                 2.08392                                       8
                                 2.09548                                       7
                                 2.10704                                       7
                                 2.11859                                       2
                                 2.13015                                       3
                                 2.14171                                       1
                                 2.15327                                       0
                                 2.16482                                       0
                                 2.17638                                       0
                                 2.18794                                       0
                                  2.1995                                       0
                                 2.21106                                       0
                                 2.22261                                       0
                                 2.23417                                       0
                                 2.24573                                      34
                                 2.25729                                      20
                                 2.26884                                      42
                                  2.2804                                      28
                                 2.29196                                      28
                                 2.30352                                      22
                                 2.31508                                      28
                                 2.32663                                      29
                                 2.33819                                      26
                                 2.34975                                      18
                                 2.36131                                      24
                                 2.37286                                      28
                                 2.38442                                      30
                                 2.39598                                      28
                                 2.40754                                      28
                                  2.4191                                      33
                                 2.43065                                      29
                                 2.44221                                      30
                                 2.45377                                      28
                                 2.46533                                      31
                                 2.47688                                      26
                                 2.48844                                      26
                                     2.5                                      31
