                                    0.87                                      23
                                0.871984                                      23
                                0.873968                                      25
                                0.875952                                      25
                                0.877936                                      29
                                 0.87992                                      31
                                0.881904                                      34
                                0.883888                                      23
                                0.885872                                      30
                                0.887856                                      27
                                 0.88984                                      26
                                0.891824                                      30
                                0.893808                                      32
                                0.895792                                      30
                                0.897776                                      29
                                 0.89976                                      34
                                0.901743                                      19
                                0.903727                                      28
                                0.905711                                      25
                                0.907695                                      28
                                0.909679                                      21
                                0.911663                                      24
                                0.913647                                      30
                                0.915631                                      24
                                0.917615                                      27
                                0.919599                                      25
                                0.921583                                      34
                                0.923567                                      30
                                0.925551                                      21
                                0.927535                                      37
                                0.929519                                      35
                                0.931503                                      25
                                0.933487                                      28
                                0.935471                                      23
                                0.937455                                      25
                                0.939439                                      24
                                0.941423                                      18
                                0.943407                                      19
                                0.945391                                      29
                                0.947375                                      23
                                0.949359                                      21
                                0.951343                                      24
                                0.953327                                      30
                                0.955311                                      33
                                0.957295                                      29
                                0.959279                                      29
                                0.961263                                      23
                                0.963246                                      30
                                 0.96523                                      20
                                0.967214                                      26
                                0.969198                                      29
                                0.971182                                      21
                                0.973166                                      35
                                 0.97515                                      35
                                0.977134                                      20
                                0.979118                                      25
                                0.981102                                      29
                                0.983086                                      29
                                 0.98507                                      31
                                0.987054                                      33
                                0.989038                                      31
                                0.991022                                      34
                                0.993006                                      25
                                 0.99499                                      30
                                0.996974                                      38
                                0.998958                                      27
                                 1.00094                                      24
                                 1.00293                                      26
                                 1.00491                                      34
                                 1.00689                                      35
                                 1.00888                                      33
                                 1.01086                                      29
                                 1.01285                                      31
                                 1.01483                                      28
                                 1.01681                                      24
                                  1.0188                                      27
                                 1.02078                                      22
                                 1.02277                                      13
                                 1.02475                                      19
                                 1.02673                                      31
                                 1.02872                                      28
                                  1.0307                                      29
                                 1.03269                                      26
                                 1.03467                                      23
                                 1.03665                                      18
                                 1.03864                                      23
                                 1.04062                                      26
                                 1.04261                                      24
                                 1.04459                                      21
                                 1.04657                                      21
                                 1.04856                                      18
                                 1.05054                                      29
                                 1.05253                                      21
                                 1.05451                                      20
                                 1.05649                                      17
                                 1.05848                                      16
                                 1.06046                                      27
                                 1.06244                                      22
                                 1.06443                                      25
                                 1.06641                                      28
                                  1.0684                                      23
                                 1.07038                                      20
                                 1.07236                                      21
                                 1.07435                                      23
                                 1.07633                                      25
                                 1.07832                                      18
                                  1.0803                                      27
                                 1.08228                                      20
                                 1.08427                                      23
                                 1.08625                                      27
                                 1.08824                                      21
                                 1.09022                                      26
                                  1.0922                                      22
                                 1.09419                                      21
                                 1.09617                                      27
                                 1.09816                                      23
                                 1.10014                                      29
                                 1.10212                                      25
                                 1.10411                                      21
                                 1.10609                                      25
                                 1.10808                                      27
                                 1.11006                                      29
                                 1.11204                                      29
                                 1.11403                                      23
                                 1.11601                                      28
                                   1.118                                      25
                                 1.11998                                      25
                                 1.12196                                      25
                                 1.12395                                      35
                                 1.12593                                      27
                                 1.12792                                      31
                                  1.1299                                      23
                                 1.13188                                      34
                                 1.13387                                      26
                                 1.13585                                      24
                                 1.13784                                      25
                                 1.13982                                      26
                                  1.1418                                      30
                                 1.14379                                      29
                                 1.14577                                      26
                                 1.14776                                      34
                                 1.14974                                      35
                                 1.15172                                      26
                                 1.15371                                      25
                                 1.15569                                      26
                                 1.15768                                      26
                                 1.15966                                      25
                                 1.16164                                      39
                                 1.16363                                      27
                                 1.16561                                      19
                                  1.1676                                      27
                                 1.16958                                      35
                                 1.17156                                      38
                                 1.17355                                      33
                                 1.17553                                      30
                                 1.17752                                      27
                                  1.1795                                      35
                                 1.18148                                      26
                                 1.18347                                      25
                                 1.18545                                      22
                                 1.18743                                      22
                                 1.18942                                      28
                                  1.1914                                      25
                                 1.19339                                      26
                                 1.19537                                      18
                                 1.19735                                      36
                                 1.19934                                      38
                                 1.20132                                      29
                                 1.20331                                      21
                                 1.20529                                      26
                                 1.20727                                      31
                                 1.20926                                      26
                                 1.21124                                      22
                                 1.21323                                      28
                                 1.21521                                      27
                                 1.21719                                      26
                                 1.21918                                      21
                                 1.22116                                      20
                                 1.22315                                      35
                                 1.22513                                      25
                                 1.22711                                      31
                                  1.2291                                      28
                                 1.23108                                      20
                                 1.23307                                      20
                                 1.23505                                      25
                                 1.23703                                      16
                                 1.23902                                      20
                                   1.241                                      16
                                 1.24299                                       8
                                 1.24497                                       4
                                 1.24695                                       1
                                 1.24894                                       0
                                 1.25092                                       0
                                 1.25291                                       0
                                 1.25489                                       0
                                 1.25687                                       0
                                 1.25886                                       0
                                 1.26084                                       0
                                 1.26283                                       0
                                 1.26481                                       0
                                 1.26679                                       0
                                 1.26878                                       0
                                 1.27076                                       0
                                 1.27275                                       0
                                 1.27473                                       0
                                 1.27671                                       0
                                  1.2787                                       0
                                 1.28068                                       0
                                 1.28267                                       0
                                 1.28465                                       0
                                 1.28663                                       0
                                 1.28862                                       0
                                  1.2906                                       0
                                 1.29259                                       0
                                 1.29457                                       0
                                 1.29655                                       0
                                 1.29854                                       0
                                 1.30052                                       0
                                 1.30251                                       0
                                 1.30449                                       0
                                 1.30647                                       0
                                 1.30846                                       0
                                 1.31044                                       0
                                 1.31242                                       0
                                 1.31441                                       0
                                 1.31639                                       0
                                 1.31838                                       0
                                 1.32036                                       0
                                 1.32234                                       0
                                 1.32433                                       0
                                 1.32631                                       0
                                  1.3283                                       0
                                 1.33028                                       0
                                 1.33226                                       0
                                 1.33425                                       0
                                 1.33623                                       0
                                 1.33822                                       0
                                  1.3402                                       0
                                 1.34218                                       0
                                 1.34417                                       0
                                 1.34615                                       0
                                 1.34814                                       0
                                 1.35012                                       0
                                  1.3521                                       0
                                 1.35409                                       0
                                 1.35607                                       0
                                 1.35806                                       0
                                 1.36004                                       0
                                 1.36202                                       0
                                 1.36401                                       0
                                 1.36599                                       0
                                 1.36798                                       0
                                 1.36996                                       0
                                 1.37194                                       0
                                 1.37393                                       0
                                 1.37591                                       0
                                  1.3779                                       0
                                 1.37988                                       0
                                 1.38186                                       0
                                 1.38385                                       0
                                 1.38583                                       0
                                 1.38782                                       0
                                  1.3898                                       0
                                 1.39178                                       0
                                 1.39377                                       0
                                 1.39575                                       0
                                 1.39774                                       0
                                 1.39972                                       0
                                  1.4017                                       0
                                 1.40369                                       0
                                 1.40567                                       0
                                 1.40766                                       0
                                 1.40964                                       0
                                 1.41162                                       0
                                 1.41361                                       0
                                 1.41559                                       0
                                 1.41758                                       0
                                 1.41956                                       0
                                 1.42154                                       0
                                 1.42353                                       0
                                 1.42551                                       0
                                 1.42749                                       0
                                 1.42948                                       0
                                 1.43146                                       0
                                 1.43345                                       0
                                 1.43543                                       0
                                 1.43741                                       0
                                  1.4394                                       0
                                 1.44138                                       0
                                 1.44337                                       0
                                 1.44535                                       0
                                 1.44733                                       0
                                 1.44932                                       0
                                  1.4513                                       0
                                 1.45329                                       0
                                 1.45527                                       0
                                 1.45725                                       0
                                 1.45924                                       0
                                 1.46122                                       0
                                 1.46321                                       0
                                 1.46519                                       0
                                 1.46717                                       0
                                 1.46916                                       0
                                 1.47114                                       0
                                 1.47313                                       0
                                 1.47511                                       0
                                 1.47709                                       0
                                 1.47908                                       0
                                 1.48106                                       0
                                 1.48305                                       0
                                 1.48503                                       0
                                 1.48701                                       0
                                   1.489                                       0
                                 1.49098                                       0
                                 1.49297                                       0
                                 1.49495                                       0
                                 1.49693                                       0
                                 1.49892                                       0
                                  1.5009                                       0
                                 1.50289                                       0
                                 1.50487                                       0
                                 1.50685                                       0
                                 1.50884                                       0
                                 1.51082                                       0
                                 1.51281                                       0
                                 1.51479                                       0
                                 1.51677                                       0
                                 1.51876                                       0
                                 1.52074                                       0
                                 1.52273                                       0
                                 1.52471                                       2
                                 1.52669                                       2
                                 1.52868                                       3
                                 1.53066                                       5
                                 1.53265                                       5
                                 1.53463                                       5
                                 1.53661                                       7
                                  1.5386                                       7
                                 1.54058                                      11
                                 1.54257                                       7
                                 1.54455                                       8
                                 1.54653                                       4
                                 1.54852                                       9
                                  1.5505                                       2
                                 1.55248                                       7
                                 1.55447                                       7
                                 1.55645                                       7
                                 1.55844                                       5
                                 1.56042                                       9
                                  1.5624                                       9
                                 1.56439                                       9
                                 1.56637                                       8
                                 1.56836                                       7
                                 1.57034                                      11
                                 1.57232                                      12
                                 1.57431                                      11
                                 1.57629                                       9
                                 1.57828                                      15
                                 1.58026                                      12
                                 1.58224                                      11
                                 1.58423                                       7
                                 1.58621                                      13
                                  1.5882                                      13
                                 1.59018                                       8
                                 1.59216                                      14
                                 1.59415                                      13
                                 1.59613                                       9
                                 1.59812                                      12
                                  1.6001                                       9
                                 1.60208                                       8
                                 1.60407                                       6
                                 1.60605                                      14
                                 1.60804                                       8
                                 1.61002                                      14
                                   1.612                                      13
                                 1.61399                                       8
                                 1.61597                                      12
                                 1.61796                                      14
                                 1.61994                                      14
                                 1.62192                                      15
                                 1.62391                                       8
                                 1.62589                                      14
                                 1.62788                                      11
                                 1.62986                                      15
                                 1.63184                                      13
                                 1.63383                                      14
                                 1.63581                                      12
                                  1.6378                                      15
                                 1.63978                                      17
                                 1.64176                                      14
                                 1.64375                                      13
                                 1.64573                                      22
                                 1.64772                                      13
                                  1.6497                                      18
                                 1.65168                                      15
                                 1.65367                                      19
                                 1.65565                                       9
                                 1.65764                                       8
                                 1.65962                                      16
                                  1.6616                                      11
                                 1.66359                                      18
                                 1.66557                                      13
                                 1.66756                                      17
                                 1.66954                                      14
                                 1.67152                                      12
                                 1.67351                                      11
                                 1.67549                                      17
                                 1.67747                                      18
                                 1.67946                                      18
                                 1.68144                                      19
                                 1.68343                                      18
                                 1.68541                                      20
                                 1.68739                                      18
                                 1.68938                                      10
                                 1.69136                                      13
                                 1.69335                                      17
                                 1.69533                                      21
                                 1.69731                                      11
                                  1.6993                                      13
                                 1.70128                                      13
                                 1.70327                                      12
                                 1.70525                                       9
                                 1.70723                                      17
                                 1.70922                                      19
                                  1.7112                                      14
                                 1.71319                                      13
                                 1.71517                                      16
                                 1.71715                                      20
                                 1.71914                                      21
                                 1.72112                                      17
                                 1.72311                                      17
                                 1.72509                                      14
                                 1.72707                                      20
                                 1.72906                                      16
                                 1.73104                                      16
                                 1.73303                                      15
                                 1.73501                                      12
                                 1.73699                                      12
                                 1.73898                                      19
                                 1.74096                                      20
                                 1.74295                                      21
                                 1.74493                                      21
                                 1.74691                                      13
                                  1.7489                                       9
                                 1.75088                                      17
                                 1.75287                                      18
                                 1.75485                                      13
                                 1.75683                                      14
                                 1.75882                                      14
                                  1.7608                                      21
                                 1.76279                                      17
                                 1.76477                                      12
                                 1.76675                                      17
                                 1.76874                                      13
                                 1.77072                                      18
                                 1.77271                                      12
                                 1.77469                                      13
                                 1.77667                                      17
                                 1.77866                                      17
                                 1.78064                                      19
                                 1.78263                                      14
                                 1.78461                                      16
                                 1.78659                                      17
                                 1.78858                                      25
                                 1.79056                                      11
                                 1.79255                                      10
                                 1.79453                                      15
                                 1.79651                                      18
                                  1.7985                                      14
                                 1.80048                                      17
                                 1.80246                                      16
                                 1.80445                                      14
                                 1.80643                                      18
                                 1.80842                                      15
                                  1.8104                                      13
                                 1.81238                                      11
                                 1.81437                                      14
                                 1.81635                                      15
                                 1.81834                                      20
                                 1.82032                                      20
                                  1.8223                                      14
                                 1.82429                                      19
                                 1.82627                                      14
                                 1.82826                                      19
                                 1.83024                                      13
                                 1.83222                                      22
                                 1.83421                                      11
                                 1.83619                                      20
                                 1.83818                                      13
                                 1.84016                                      14
                                 1.84214                                      15
                                 1.84413                                      17
                                 1.84611                                      18
                                  1.8481                                      17
                                 1.85008                                       9
                                 1.85206                                      19
                                 1.85405                                      22
                                 1.85603                                      14
                                 1.85802                                      19
                                    1.86                                      20
