                                     0.2                                     100
                                0.220354                                     100
                                0.240708                                     100
                                0.261062                                     100
                                0.281416                                     100
                                 0.30177                                     100
                                0.322124                                     100
                                0.342478                                     100
                                0.362832                                     100
                                0.383186                                     100
                                 0.40354                                     100
                                0.423894                                     100
                                0.444248                                     100
                                0.464602                                     100
                                0.484956                                     100
                                 0.50531                                     100
                                0.525664                                     100
                                0.546018                                     100
                                0.566372                                     100
                                0.586726                                     100
                                 0.60708                                     100
                                0.627434                                     100
                                0.647788                                     100
                                0.668142                                     100
                                0.688496                                      35
                                 0.70885                                     100
                                0.729204                                     100
                                0.749558                                     100
                                0.769912                                     100
                                0.790265                                     100
                                0.810619                                     100
                                0.830973                                     100
                                0.851327                                     100
                                0.871681                                     100
                                0.892035                                     100
                                0.912389                                     100
                                0.932743                                     100
                                0.953097                                     100
                                0.973451                                     100
                                0.993805                                     100
                                 1.01416                                     100
                                 1.03451                                     100
                                 1.05487                                     100
                                 1.07522                                     100
                                 1.09558                                     100
                                 1.11593                                     100
                                 1.13628                                     100
                                 1.15664                                     100
                                 1.17699                                     100
                                 1.19735                                     100
                                  1.2177                                     100
                                 1.23805                                     100
                                 1.25841                                       0
                                 1.27876                                       0
                                 1.29912                                       0
                                 1.31947                                       0
                                 1.33982                                       0
                                 1.36018                                       0
                                 1.38053                                       0
                                 1.40088                                       0
                                 1.42124                                       0
                                 1.44159                                       0
                                 1.46195                                       0
                                  1.4823                                       0
                                 1.50265                                       0
                                 1.52301                                     100
                                 1.54336                                     100
                                 1.56372                                     100
                                 1.58407                                     100
                                 1.60442                                     100
                                 1.62478                                     100
                                 1.64513                                     100
                                 1.66549                                     100
                                 1.68584                                     100
                                 1.70619                                     100
                                 1.72655                                     100
                                  1.7469                                     100
                                 1.76726                                     100
                                 1.78761                                     100
                                 1.80796                                     100
                                 1.82832                                     100
                                 1.84867                                     100
                                 1.86903                                     100
                                 1.88938                                     100
                                 1.90973                                     100
                                 1.93009                                     100
                                 1.95044                                     100
                                  1.9708                                     100
                                 1.99115                                     100
                                  2.0115                                     100
                                 2.03186                                     100
                                 2.05221                                     100
                                 2.07257                                     100
                                 2.09292                                     100
                                 2.11327                                     100
                                 2.13363                                     100
                                 2.15398                                     100
                                 2.17434                                       0
                                 2.19469                                       0
                                 2.21504                                       0
                                  2.2354                                      29
                                 2.25575                                     100
                                 2.27611                                     100
                                 2.29646                                     100
                                 2.31681                                     100
                                 2.33717                                     100
                                 2.35752                                     100
                                 2.37788                                     100
                                 2.39823                                     100
                                 2.41858                                     100
                                 2.43894                                     100
                                 2.45929                                     100
                                 2.47965                                     100
                                     2.5                                     100
