                                     0.2                                      17
                                0.211558                                      22
                                0.223116                                      28
                                0.234673                                      28
                                0.246231                                      26
                                0.257789                                      20
                                0.269347                                       1
                                0.280905                                      16
                                0.292462                                      18
                                 0.30402                                      21
                                0.315578                                      16
                                0.327136                                       5
                                0.338693                                      33
                                0.350251                                      28
                                0.361809                                      21
                                0.373367                                      24
                                0.384925                                      22
                                0.396482                                      16
                                 0.40804                                      21
                                0.419598                                      23
                                0.431156                                       2
                                0.442714                                       0
                                0.454271                                       0
                                0.465829                                      11
                                0.477387                                      13
                                0.488945                                      17
                                0.500503                                      25
                                 0.51206                                      23
                                0.523618                                      14
                                0.535176                                      23
                                0.546734                                      16
                                0.558291                                      15
                                0.569849                                      14
                                0.581407                                       9
                                0.592965                                      13
                                0.604523                                      15
                                 0.61608                                       4
                                0.627638                                       0
                                0.639196                                       0
                                0.650754                                       0
                                0.662312                                       0
                                0.673869                                       0
                                0.685427                                       0
                                0.696985                                       0
                                0.708543                                      21
                                0.720101                                      28
                                0.731658                                      20
                                0.743216                                      25
                                0.754774                                      33
                                0.766332                                      32
                                0.777889                                      28
                                0.789447                                      30
                                0.801005                                      26
                                0.812563                                      31
                                0.824121                                      25
                                0.835678                                      29
                                0.847236                                      25
                                0.858794                                      33
                                0.870352                                      30
                                 0.88191                                      25
                                0.893467                                      28
                                0.905025                                      28
                                0.916583                                      20
                                0.928141                                      27
                                0.939698                                      26
                                0.951256                                      24
                                0.962814                                      29
                                0.974372                                      22
                                 0.98593                                      16
                                0.997487                                      28
                                 1.00905                                      22
                                  1.0206                                      27
                                 1.03216                                      24
                                 1.04372                                      26
                                 1.05528                                      24
                                 1.06683                                      34
                                 1.07839                                      29
                                 1.08995                                      13
                                 1.10151                                      25
                                 1.11307                                      30
                                 1.12462                                      29
                                 1.13618                                      11
                                 1.14774                                       0
                                  1.1593                                       0
                                 1.17085                                       0
                                 1.18241                                       0
                                 1.19397                                       0
                                 1.20553                                       0
                                 1.21709                                       0
                                 1.22864                                       0
                                  1.2402                                       0
                                 1.25176                                       0
                                 1.26332                                       0
                                 1.27487                                       0
                                 1.28643                                       0
                                 1.29799                                       0
                                 1.30955                                       0
                                 1.32111                                       0
                                 1.33266                                       0
                                 1.34422                                       0
                                 1.35578                                       0
                                 1.36734                                       0
                                 1.37889                                       0
                                 1.39045                                       0
                                 1.40201                                       0
                                 1.41357                                       0
                                 1.42513                                       0
                                 1.43668                                       0
                                 1.44824                                       0
                                  1.4598                                       0
                                 1.47136                                       0
                                 1.48291                                       0
                                 1.49447                                       0
                                 1.50603                                       0
                                 1.51759                                       0
                                 1.52915                                       0
                                  1.5407                                       0
                                 1.55226                                       0
                                 1.56382                                       0
                                 1.57538                                       0
                                 1.58693                                       0
                                 1.59849                                       0
                                 1.61005                                       0
                                 1.62161                                       1
                                 1.63317                                       3
                                 1.64472                                       2
                                 1.65628                                       7
                                 1.66784                                       7
                                  1.6794                                       2
                                 1.69095                                       3
                                 1.70251                                       7
                                 1.71407                                       8
                                 1.72563                                       6
                                 1.73719                                       9
                                 1.74874                                       8
                                  1.7603                                       7
                                 1.77186                                      10
                                 1.78342                                       9
                                 1.79497                                      11
                                 1.80653                                      12
                                 1.81809                                      12
                                 1.82965                                      13
                                 1.84121                                       8
                                 1.85276                                      12
                                 1.86432                                       9
                                 1.87588                                       6
                                 1.88744                                      12
                                 1.89899                                      13
                                 1.91055                                      11
                                 1.92211                                       8
                                 1.93367                                       9
                                 1.94523                                      12
                                 1.95678                                       2
                                 1.96834                                       8
                                  1.9799                                       2
                                 1.99146                                      11
                                 2.00302                                       5
                                 2.01457                                       8
                                 2.02613                                       4
                                 2.03769                                       7
                                 2.04925                                       3
                                  2.0608                                       5
                                 2.07236                                       4
                                 2.08392                                       3
                                 2.09548                                       3
                                 2.10704                                       0
                                 2.11859                                       0
                                 2.13015                                       0
                                 2.14171                                       0
                                 2.15327                                       0
                                 2.16482                                       0
                                 2.17638                                       0
                                 2.18794                                       0
                                  2.1995                                       0
                                 2.21106                                       0
                                 2.22261                                       0
                                 2.23417                                       0
                                 2.24573                                       0
                                 2.25729                                       0
                                 2.26884                                       0
                                  2.2804                                      29
                                 2.29196                                      24
                                 2.30352                                      25
                                 2.31508                                      22
                                 2.32663                                      23
                                 2.33819                                      26
                                 2.34975                                      21
                                 2.36131                                      24
                                 2.37286                                      32
                                 2.38442                                      20
                                 2.39598                                      25
                                 2.40754                                      32
                                  2.4191                                      27
                                 2.43065                                      38
                                 2.44221                                      26
                                 2.45377                                      33
                                 2.46533                                      32
                                 2.47688                                      27
                                 2.48844                                      25
                                     2.5                                      25
