                                    0.87                                      24
                                0.871984                                      22
                                0.873968                                      31
                                0.875952                                      25
                                0.877936                                      29
                                 0.87992                                      27
                                0.881904                                      33
                                0.883888                                      19
                                0.885872                                      30
                                0.887856                                      21
                                 0.88984                                      25
                                0.891824                                      20
                                0.893808                                      28
                                0.895792                                      25
                                0.897776                                      26
                                 0.89976                                      25
                                0.901743                                      29
                                0.903727                                      35
                                0.905711                                      26
                                0.907695                                      29
                                0.909679                                      26
                                0.911663                                      20
                                0.913647                                      21
                                0.915631                                      23
                                0.917615                                      29
                                0.919599                                      26
                                0.921583                                      20
                                0.923567                                      27
                                0.925551                                      28
                                0.927535                                      29
                                0.929519                                      27
                                0.931503                                      26
                                0.933487                                      24
                                0.935471                                      25
                                0.937455                                      18
                                0.939439                                      23
                                0.941423                                      23
                                0.943407                                      27
                                0.945391                                      23
                                0.947375                                      33
                                0.949359                                      25
                                0.951343                                      29
                                0.953327                                      23
                                0.955311                                      26
                                0.957295                                      31
                                0.959279                                      28
                                0.961263                                      28
                                0.963246                                      24
                                 0.96523                                      36
                                0.967214                                      27
                                0.969198                                      29
                                0.971182                                      29
                                0.973166                                      29
                                 0.97515                                      23
                                0.977134                                      29
                                0.979118                                      24
                                0.981102                                      28
                                0.983086                                      30
                                 0.98507                                      35
                                0.987054                                      29
                                0.989038                                      32
                                0.991022                                      24
                                0.993006                                      29
                                 0.99499                                      24
                                0.996974                                      25
                                0.998958                                      22
                                 1.00094                                      23
                                 1.00293                                      21
                                 1.00491                                      21
                                 1.00689                                      22
                                 1.00888                                      21
                                 1.01086                                      17
                                 1.01285                                      22
                                 1.01483                                      29
                                 1.01681                                      19
                                  1.0188                                      19
                                 1.02078                                      24
                                 1.02277                                      21
                                 1.02475                                      21
                                 1.02673                                      21
                                 1.02872                                      22
                                  1.0307                                      18
                                 1.03269                                      18
                                 1.03467                                      25
                                 1.03665                                      24
                                 1.03864                                      26
                                 1.04062                                      25
                                 1.04261                                      36
                                 1.04459                                      26
                                 1.04657                                      16
                                 1.04856                                      28
                                 1.05054                                      32
                                 1.05253                                      27
                                 1.05451                                      27
                                 1.05649                                      26
                                 1.05848                                      24
                                 1.06046                                      25
                                 1.06244                                      25
                                 1.06443                                      25
                                 1.06641                                      20
                                  1.0684                                      22
                                 1.07038                                      25
                                 1.07236                                      20
                                 1.07435                                      20
                                 1.07633                                      18
                                 1.07832                                      14
                                  1.0803                                      17
                                 1.08228                                      22
                                 1.08427                                      21
                                 1.08625                                      13
                                 1.08824                                      14
                                 1.09022                                       9
                                  1.0922                                       4
                                 1.09419                                       1
                                 1.09617                                       1
                                 1.09816                                      13
                                 1.10014                                      24
                                 1.10212                                      25
                                 1.10411                                      20
                                 1.10609                                      21
                                 1.10808                                      23
                                 1.11006                                      25
                                 1.11204                                      28
                                 1.11403                                      23
                                 1.11601                                      21
                                   1.118                                      25
                                 1.11998                                      25
                                 1.12196                                      20
                                 1.12395                                      27
                                 1.12593                                      20
                                 1.12792                                      23
                                  1.1299                                      22
                                 1.13188                                      19
                                 1.13387                                      17
                                 1.13585                                      10
                                 1.13784                                       4
                                 1.13982                                       1
                                  1.1418                                       0
                                 1.14379                                       0
                                 1.14577                                       0
                                 1.14776                                       0
                                 1.14974                                       0
                                 1.15172                                       0
                                 1.15371                                       0
                                 1.15569                                       0
                                 1.15768                                       0
                                 1.15966                                       0
                                 1.16164                                       0
                                 1.16363                                       0
                                 1.16561                                       0
                                  1.1676                                       0
                                 1.16958                                       0
                                 1.17156                                       0
                                 1.17355                                       0
                                 1.17553                                       0
                                 1.17752                                       0
                                  1.1795                                       0
                                 1.18148                                       0
                                 1.18347                                       0
                                 1.18545                                       0
                                 1.18743                                       0
                                 1.18942                                       0
                                  1.1914                                       0
                                 1.19339                                       0
                                 1.19537                                       0
                                 1.19735                                       0
                                 1.19934                                       0
                                 1.20132                                       0
                                 1.20331                                       0
                                 1.20529                                       0
                                 1.20727                                       0
                                 1.20926                                       0
                                 1.21124                                       0
                                 1.21323                                       0
                                 1.21521                                       0
                                 1.21719                                       0
                                 1.21918                                       0
                                 1.22116                                       0
                                 1.22315                                       0
                                 1.22513                                       0
                                 1.22711                                       0
                                  1.2291                                       0
                                 1.23108                                       0
                                 1.23307                                       0
                                 1.23505                                       0
                                 1.23703                                       0
                                 1.23902                                       0
                                   1.241                                       0
                                 1.24299                                       0
                                 1.24497                                       0
                                 1.24695                                       0
                                 1.24894                                       0
                                 1.25092                                       0
                                 1.25291                                       0
                                 1.25489                                       0
                                 1.25687                                       0
                                 1.25886                                       0
                                 1.26084                                       0
                                 1.26283                                       0
                                 1.26481                                       0
                                 1.26679                                       0
                                 1.26878                                       0
                                 1.27076                                       0
                                 1.27275                                       0
                                 1.27473                                       0
                                 1.27671                                       0
                                  1.2787                                       0
                                 1.28068                                       0
                                 1.28267                                       0
                                 1.28465                                       0
                                 1.28663                                       0
                                 1.28862                                       0
                                  1.2906                                       0
                                 1.29259                                       0
                                 1.29457                                       0
                                 1.29655                                       0
                                 1.29854                                       0
                                 1.30052                                       0
                                 1.30251                                       0
                                 1.30449                                       0
                                 1.30647                                       0
                                 1.30846                                       0
                                 1.31044                                       0
                                 1.31242                                       0
                                 1.31441                                       0
                                 1.31639                                       0
                                 1.31838                                       0
                                 1.32036                                       0
                                 1.32234                                       0
                                 1.32433                                       0
                                 1.32631                                       0
                                  1.3283                                       0
                                 1.33028                                       0
                                 1.33226                                       0
                                 1.33425                                       0
                                 1.33623                                       0
                                 1.33822                                       0
                                  1.3402                                       0
                                 1.34218                                       0
                                 1.34417                                       0
                                 1.34615                                       0
                                 1.34814                                       0
                                 1.35012                                       0
                                  1.3521                                       0
                                 1.35409                                       0
                                 1.35607                                       0
                                 1.35806                                       0
                                 1.36004                                       0
                                 1.36202                                       0
                                 1.36401                                       0
                                 1.36599                                       0
                                 1.36798                                       0
                                 1.36996                                       0
                                 1.37194                                       0
                                 1.37393                                       0
                                 1.37591                                       0
                                  1.3779                                       0
                                 1.37988                                       0
                                 1.38186                                       0
                                 1.38385                                       0
                                 1.38583                                       0
                                 1.38782                                       0
                                  1.3898                                       0
                                 1.39178                                       0
                                 1.39377                                       0
                                 1.39575                                       0
                                 1.39774                                       0
                                 1.39972                                       0
                                  1.4017                                       0
                                 1.40369                                       0
                                 1.40567                                       0
                                 1.40766                                       0
                                 1.40964                                       0
                                 1.41162                                       0
                                 1.41361                                       0
                                 1.41559                                       0
                                 1.41758                                       0
                                 1.41956                                       0
                                 1.42154                                       0
                                 1.42353                                       0
                                 1.42551                                       0
                                 1.42749                                       0
                                 1.42948                                       0
                                 1.43146                                       0
                                 1.43345                                       0
                                 1.43543                                       0
                                 1.43741                                       0
                                  1.4394                                       0
                                 1.44138                                       0
                                 1.44337                                       0
                                 1.44535                                       0
                                 1.44733                                       0
                                 1.44932                                       0
                                  1.4513                                       0
                                 1.45329                                       0
                                 1.45527                                       0
                                 1.45725                                       0
                                 1.45924                                       0
                                 1.46122                                       0
                                 1.46321                                       0
                                 1.46519                                       0
                                 1.46717                                       0
                                 1.46916                                       0
                                 1.47114                                       0
                                 1.47313                                       0
                                 1.47511                                       0
                                 1.47709                                       0
                                 1.47908                                       0
                                 1.48106                                       0
                                 1.48305                                       0
                                 1.48503                                       0
                                 1.48701                                       0
                                   1.489                                       0
                                 1.49098                                       0
                                 1.49297                                       0
                                 1.49495                                       0
                                 1.49693                                       0
                                 1.49892                                       0
                                  1.5009                                       0
                                 1.50289                                       0
                                 1.50487                                       0
                                 1.50685                                       0
                                 1.50884                                       0
                                 1.51082                                       0
                                 1.51281                                       0
                                 1.51479                                       0
                                 1.51677                                       0
                                 1.51876                                       0
                                 1.52074                                       0
                                 1.52273                                       0
                                 1.52471                                       0
                                 1.52669                                       0
                                 1.52868                                       0
                                 1.53066                                       0
                                 1.53265                                       0
                                 1.53463                                       0
                                 1.53661                                       0
                                  1.5386                                       0
                                 1.54058                                       0
                                 1.54257                                       0
                                 1.54455                                       0
                                 1.54653                                       0
                                 1.54852                                       0
                                  1.5505                                       0
                                 1.55248                                       0
                                 1.55447                                       0
                                 1.55645                                       0
                                 1.55844                                       0
                                 1.56042                                       0
                                  1.5624                                       0
                                 1.56439                                       0
                                 1.56637                                       0
                                 1.56836                                       0
                                 1.57034                                       0
                                 1.57232                                       0
                                 1.57431                                       0
                                 1.57629                                       0
                                 1.57828                                       0
                                 1.58026                                       0
                                 1.58224                                       0
                                 1.58423                                       0
                                 1.58621                                       0
                                  1.5882                                       0
                                 1.59018                                       0
                                 1.59216                                       0
                                 1.59415                                       0
                                 1.59613                                       0
                                 1.59812                                       0
                                  1.6001                                       0
                                 1.60208                                       0
                                 1.60407                                       0
                                 1.60605                                       0
                                 1.60804                                       0
                                 1.61002                                       0
                                   1.612                                       0
                                 1.61399                                       0
                                 1.61597                                       0
                                 1.61796                                       0
                                 1.61994                                       1
                                 1.62192                                       0
                                 1.62391                                       0
                                 1.62589                                       2
                                 1.62788                                       1
                                 1.62986                                       3
                                 1.63184                                       2
                                 1.63383                                       5
                                 1.63581                                       4
                                  1.6378                                       4
                                 1.63978                                       3
                                 1.64176                                       3
                                 1.64375                                       4
                                 1.64573                                       4
                                 1.64772                                       5
                                  1.6497                                       7
                                 1.65168                                       4
                                 1.65367                                       3
                                 1.65565                                       4
                                 1.65764                                       5
                                 1.65962                                       5
                                  1.6616                                       5
                                 1.66359                                       7
                                 1.66557                                       5
                                 1.66756                                       6
                                 1.66954                                       9
                                 1.67152                                       6
                                 1.67351                                       5
                                 1.67549                                       8
                                 1.67747                                       4
                                 1.67946                                       7
                                 1.68144                                       6
                                 1.68343                                       5
                                 1.68541                                      11
                                 1.68739                                       6
                                 1.68938                                      11
                                 1.69136                                       6
                                 1.69335                                       5
                                 1.69533                                      10
                                 1.69731                                       9
                                  1.6993                                       6
                                 1.70128                                       6
                                 1.70327                                       6
                                 1.70525                                      10
                                 1.70723                                       5
                                 1.70922                                       7
                                  1.7112                                      12
                                 1.71319                                      11
                                 1.71517                                      11
                                 1.71715                                      10
                                 1.71914                                       4
                                 1.72112                                      11
                                 1.72311                                       6
                                 1.72509                                      11
                                 1.72707                                       7
                                 1.72906                                       9
                                 1.73104                                      10
                                 1.73303                                      11
                                 1.73501                                      12
                                 1.73699                                       6
                                 1.73898                                       9
                                 1.74096                                      12
                                 1.74295                                       5
                                 1.74493                                      11
                                 1.74691                                      10
                                  1.7489                                       9
                                 1.75088                                      10
                                 1.75287                                       9
                                 1.75485                                      11
                                 1.75683                                       9
                                 1.75882                                      11
                                  1.7608                                      15
                                 1.76279                                       8
                                 1.76477                                       9
                                 1.76675                                       9
                                 1.76874                                       8
                                 1.77072                                      10
                                 1.77271                                      13
                                 1.77469                                       9
                                 1.77667                                      12
                                 1.77866                                       6
                                 1.78064                                      13
                                 1.78263                                      11
                                 1.78461                                       8
                                 1.78659                                      10
                                 1.78858                                      10
                                 1.79056                                       9
                                 1.79255                                       5
                                 1.79453                                       9
                                 1.79651                                       9
                                  1.7985                                      10
                                 1.80048                                      10
                                 1.80246                                      11
                                 1.80445                                       8
                                 1.80643                                      11
                                 1.80842                                      10
                                  1.8104                                      11
                                 1.81238                                      11
                                 1.81437                                       9
                                 1.81635                                      10
                                 1.81834                                      11
                                 1.82032                                       6
                                  1.8223                                      16
                                 1.82429                                       8
                                 1.82627                                       6
                                 1.82826                                      11
                                 1.83024                                       8
                                 1.83222                                      12
                                 1.83421                                      10
                                 1.83619                                      13
                                 1.83818                                      12
                                 1.84016                                      12
                                 1.84214                                       3
                                 1.84413                                      16
                                 1.84611                                      10
                                  1.8481                                      14
                                 1.85008                                       8
                                 1.85206                                       6
                                 1.85405                                       9
                                 1.85603                                      11
                                 1.85802                                      17
                                    1.86                                       5
